0 0.639482 0.411935 0.037773 0.023268
0 0.846509 0.343208 0.039248 0.022349
0 0.384497 0.147944 0.033643 0.017756
0 0.825698 0.174819 0.028916 0.010512
0 0.249038 0.201875 0.040732 0.019111
0 0.775381 0.227583 0.032168 0.016822
0 0.398369 0.461295 0.040723 0.020934
0 0.863916 0.222854 0.031582 0.013660
0 0.731704 0.348215 0.036299 0.016883
0 0.502246 0.173426 0.032461 0.015015
0 0.295371 0.396212 0.043086 0.022756
0 0.541206 0.456084 0.040732 0.023253
0 0.647744 0.251506 0.031289 0.015512
0 0.148828 0.404887 0.044531 0.025437
