1 0.566729 0.391759 0.030488 0.011803
1 0.234121 0.099791 0.030918 0.013770
0 0.347495 0.094218 0.024912 0.013115
0 0.316890 0.403957 0.030439 0.011699
0 0.900156 0.228778 0.027793 0.013174
0 0.448931 0.404188 0.028330 0.011416
1 0.614976 0.123845 0.025889 0.010462
1 0.695229 0.126848 0.024443 0.010149
0 0.186968 0.389873 0.031943 0.012534
1 0.636763 0.244046 0.026104 0.011371
0 0.429077 0.137072 0.025283 0.011162
0 0.792412 0.111572 0.025312 0.011192
0 0.681475 0.379598 0.029082 0.013651
1 0.816777 0.369978 0.032246 0.011461
1 0.524653 0.133063 0.025303 0.012772
0 0.223457 0.235939 0.030879 0.011371
1 0.502744 0.299352 0.027051 0.010477
1 0.347280 0.214814 0.030498 0.010492
1 0.782256 0.232623 0.027559 0.012012
1 0.112158 0.255440 0.034355 0.015738
