0 0.102412 0.093353 0.014512 0.001653
1 0.679824 0.612504 0.090430 0.010451
0 0.304775 0.452117 0.020547 0.003057
0 0.191055 0.098038 0.012480 0.001982
0 0.955937 0.786347 0.088027 0.007562
1 0.366855 0.092522 0.032695 0.002629
0 0.485015 0.649382 0.056416 0.009137
0 0.776387 0.094458 0.093809 0.006443
0 0.382241 0.099230 0.009971 0.001529
1 0.567886 0.220550 0.074111 0.005452
0 0.133477 0.450457 0.020547 0.002853
1 0.301367 0.093287 0.018477 0.003059
0 0.344072 0.242352 0.035762 0.005423
1 0.221650 0.092029 0.029043 0.004010
0 0.623569 0.381072 0.135088 0.011976
